var veryEasy = [ 
[0,1,5,4,2,6,0,0,9],
[0,7,0,1,5,9,0,2,0],
[0,4,2,8,3,0,1,0,5],
[0,9,0,6,0,3,0,8,7],
[5,0,7,0,4,2,3,0,6],
[1,0,3,7,0,5,0,9,4],
[0,0,1,0,9,8,6,4,0],
[6,2,0,0,0,4,9,5,1],
[0,5,9,2,0,0,8,7,0]
];

var easy = [
[0,3,9,8,0,0,6,4,0],
[2,0,1,6,5,4,9,0,0],
[0,0,0,0,0,9,1,8,0],
[5,0,8,0,4,0,3,0,0],
[1,7,0,0,2,8,4,0,6],
[4,6,2,1,9,3,0,0,7],
[8,0,0,0,6,0,0,3,0],
[0,0,5,2,0,0,0,0,9],
[9,0,0,0,3,7,0,0,0]
];

var medium = [
[6,8,9,0,0,2,0,0,1],
[7,0,0,0,0,4,0,0,0],
[0,4,5,0,1,0,0,3,7],
[0,0,0,0,0,3,8,0,0],
[3,0,0,0,0,1,0,4,0],
[0,0,0,9,5,7,0,0,2],
[1,0,0,0,3,9,5,0,0],
[0,0,0,0,4,0,0,0,0],
[4,0,7,1,8,5,6,0,9]
];

var hard = [
[9,5,0,0,0,0,1,0,0],
[0,0,0,0,8,5,0,0,0],
[0,6,0,0,3,1,0,0,4],
[0,7,9,5,0,0,0,0,0],
[0,0,0,1,0,0,9,0,0],
[0,3,0,0,0,0,4,8,0],
[1,2,0,0,0,9,0,0,0],
[4,0,0,0,1,2,0,0,6],
[0,0,0,0,7,0,0,3,0]
];

var veryHard = [
[0,0,0,0,0,0,0,7,3],
[0,0,0,0,2,0,0,0,0],
[0,0,2,1,5,0,0,0,0],
[5,0,1,0,0,0,0,0,0],
[0,0,0,0,0,0,0,0,0],
[0,0,0,9,0,3,0,0,4],
[0,0,0,0,7,0,1,0,0],
[0,8,0,0,0,0,0,0,0],
[3,4,0,0,0,6,0,0,0]
];
